1 2 0
-1 -2 0
3 0
4 5 0
-4 -5 0
6 0
7 8 0
-7 -8 0
9 10 0
-9 -10 0
11 12 0
-11 -12 0
13 14 0
-13 -14 0
15 0
16 0
17 0
18 19 20 0
18 19 21 0
18 20 21 0
19 20 21 0
22 23 24 0
25 0
26 0
-27 -28 0
-27 -29 0
-28 -29 0
-30 -31 0
-32 -33 0
-34 -35 0
-36 -37 0
-36 -38 0
-37 -38 0
-39 -40 0
-39 -41 0
-40 -41 0
-42 -43 0
-44 -45 0
-46 -47 0
-48 -49 0
-48 -50 0
-49 -50 0
-51 -52 0
-27 15 0
-27 1 0
27 -15 -1 0
-30 15 0
-30 2 0
30 -15 -2 0
-28 18 0
-28 3 0
28 -18 -3 0
-29 22 0
-29 4 0
29 -22 -4 0
-31 22 0
-31 5 0
31 -22 -5 0
-53 19 0
-53 3 0
53 -19 -3 0
-32 20 0
-32 3 0
32 -20 -3 0
-33 23 0
-33 4 0
33 -23 -4 0
-54 23 0
-54 5 0
54 -23 -5 0
-55 16 0
-55 1 0
55 -16 -1 0
-34 16 0
-34 2 0
34 -16 -2 0
-35 25 0
-35 6 0
35 -25 -6 0
-36 17 0
-36 1 0
36 -17 -1 0
-39 17 0
-39 2 0
39 -17 -2 0
-37 21 0
-37 3 0
37 -21 -3 0
-38 24 0
-38 4 0
38 -24 -4 0
-40 24 0
-40 5 0
40 -24 -5 0
-41 26 0
-41 6 0
41 -26 -6 0
-44 1 0
-44 7 0
44 -1 -7 0
-48 1 0
-48 8 0
48 -1 -8 0
-46 2 0
-46 7 0
46 -2 -7 0
-51 2 0
-51 8 0
51 -2 -8 0
-45 3 0
-45 9 0
45 -3 -9 0
-49 3 0
-49 10 0
49 -3 -10 0
-56 4 0
-56 11 0
56 -4 -11 0
-50 4 0
-50 12 0
50 -4 -12 0
-42 5 0
-42 11 0
42 -5 -11 0
-52 5 0
-52 12 0
52 -5 -12 0
-43 6 0
-43 13 0
43 -6 -13 0
-47 6 0
-47 14 0
47 -6 -14 0
